30320
30004
30005
30009
30022
30023
30301
30302
30303
30304
30305
30306
30307
30308
30309
30310
30311
30312
30313
30314
30315
30316
30318
30320
30321
30324
30325
30326
30327
30328
30330
30331
30332
30334
30336
30337
30339
30342
30343
30344
30347
30348
30349
30350
30353
30354
30355
30357
30358
30361
30364
30368
30369
30370
30371
30374
30375
30376
30377
30378
30379
30380
30384
30385
30388
30390
30392
30394
30396
30398
31106
31107
31126
31131
31139
31150
31156
31192
31193
31195
31196
30301
30302
30303
30304
30305
30306
30307
30308
30309
30310
30311
30312
30313
30314
30315
30316
30318
30320
30321
30324
30325
30326
30327
30328
30330
30331
30332
30334
30336
30337
30339
30342
30343
30344
30347
30348
30349
30350
30353
30354
30355
30357
30358
30361
30363
30364
30368
30369
30370
30371
30374
30375
30376
30377
30378
30379
30380
30384
30385
30388
30390
30392
30394
30396
30398
31106
31107
31126
31131
31136
31139
31150
31156
31192
31193
31195
31196
31195
31196
30380
30375
30385
30388
30398
30384
30268
30337
30349
30339
30097
30344
30364
30213
30310
30330
30396
30303
30354
30336
30005
30022
30097
31126
31126
30307
31192
30004
30009
31136
30306
30339
30268
30272
30075
30076
30077
30075
30328
30342
30350
30358
30339
30368
30390
30342
30369
30291
30339
30339
31193